938
478
1024
264
1220
477
314
1221
358
954
344
1093
1321
343
1025
1299
881
1001
1372
937
1047
921
614
1400
762
627
86
329
216
802
1183
1257
1322
1325
1000
588
826
891
763
979
263
1048
561
675
1300
953
939
1104
1062
615
1073
679
973
1399
65
156
85
328
204
456
1204
873
1309
801
560
71
265
839
479
1373
715
1401
1094
1385
282
184
665
580
511
702
514
1283
1061
1298
490
281
268
1336
1057
1437
101
1371
632
680
1222
1378
457
185
397
1023
1105
668
908
978
1337
781
521
337
112
859
825
247
1083
217
219
250
205
489
315
522
716
513
393
909
129
699
1128
1386
25
357
643
1074
676
1129
980
396
1353
1123
251
613
408
609
124
392
297
267
1310
581
890
1326
1377
66
1182
70
667
810
1207
1031
761
964
1084
218
1142
130
476
1324
1063
880
539
1135
1431
559
409
426
1194
383
1301
1002
892
764
787
666
1147
1253
11
491
398
1428
1435
486
1151
838
406
1038
322
855
1352
1122
1430
443
373
485
427
100
407
714
342
1258
1438
283
1252
1003
874
732
922
1208
139
330
626
587
840
700
1269
755
1162
1235
512
88
64
1165
735
59
60
87
1124
1429
1143
1177
850
1159
1256
367
678
492
455
540
41
248
321
1205
298
301
548
631
628
1277
372
438
194
1219
888
701
1426
423
719
6
774
366
860
238
549
868
394
1358
579
195
1223
131
957
12
1072
659
1398
312
1039
1278
256
869
854
568
437
313
239
739
1192
703
669
1284
196
274
1323
123
148
674
1397
138
524
1021
642
1056
1243
90
876
878
155
1008
5
1297
166
972
597
965
1166
670
197
1347
754
1427
173
918
658
734
39
924
1191
143
901
583
439
1161
523
167
363
454
237
31
1367
910
1203
203
287
877
846
1152
510
1290
172
529
1415
1231
147
1042
42
688
389
140
900
399
1018
622
175
1357
1060
374
45
731
800
487
33
109
726
275
89
1154
1095
534
213
117
116
819
818
605
727
841
193
1434
1163
1234
1184
284
1007
1195
341
1379
458
157
311
1419
1418
1389
528
176
969
582
889
1130
417
652
1009
1254
917
562
567
1314
177
784
783
782
591
91
832
1046
1160
102
1237
1199
809
736
687
40
1390
142
300
989
1085
786
1176
1173
1262
589
1030
1108
1109
698
418
501
506
340
122
4
384
149
1041
1384
240
907
981
958
269
1332
1146
444
604
586
1107
875
887
747
656
32
753
302
1187
1186
422
720
10
1078
1193
3
916
150
1102
817
320
1134
180
992
1127
934
576
222
780
442
436
788
746
1236
974
125
1026
733
1311
1037
317
704
83
1079
1312
1308
1354
1121
935
773
1225
653
616
1291
520
1075
541
893
816
468
1414
359
566
1022
1432
1103
829
1150
758
1010
1086
158
693
882
69
1004
689
920
24
188
525
234
179
968
1273
594
285
842
803
1131
1153
433
34
410
424
425
1296
530
515
448
1040
949
500
82
183
856
990
273
1338
970
1272
1058
336
1226
488
598
717
775
677
382
925
103
718
533
940
467
26
547
858
820
991
1020
266
1263
1244
47
1224
830
827
502
657
955
799
160
1247
30
466
242
255
395
646
371
1106
585
286
831
351
1148
610
752
291
161
72
879
1101
1232
1320
919
280
1282
664
48
200
1436
847
431
1255
1178
1006
967
505
1420
824
391
241
228
550
1019
174
1351
794
430
649
722
1076
7
352
1092
104
1164
1410
1409
738
58
527
178
1359
1144
584
92
797
956
36
608
13
159
1230
118
215
923
1411
319
416
229
327
233
1285
54
46
290
126
1158
1011
1295
798
966
453
1387
1064
1265
465
872
84
765
1120
1119
221
772
1346
493
1366
637
21
141
630
681
936
575
441
603
428
760
1350
1402
1294
63
1416
95
146
19
1206
296
1065
1276
569
316
1115
790
1348
612
749
759
558
1071
22
20
331
1302
182
899
634
633
1313
220
644
1059
748
655
1077
1331
364
1380
1417
67
1246
985
1408
249
318
230
144
705
299
766
629
902
578
647
260
484
833
654
1251
723
721
1374
1396
1248
913
119
1190
1032
252
563
186
400
1012
1126
53
577
1271
1240
94
1210
132
828
377
165
353
68
538
894
1370
1268
1266
243
499
743
231
959
1145
641
262
1242
44
793
796
2
845
307
1005
1249
1098
1279
390
713
1286
288
806
350
348
789
432
35
650
171
14
1327
694
460
999
1391
246
811
815
865
897
1116
795
952
911
912
756
1405
1089
1200
461
105
537
823
950
948
1080
1333
621
573
592
851
345
434
113
459
535
638
1202
227
564
181
857
963
1017
223
785
1360
1345
257
751
651
606
187
1172
1365
134
135
532
497
565
401
1015
1315
1125
440
590
729
791
1213
128
1270
750
1340
292
98
1110
323
870
57
546
635
75
51
574
74
93
289
730
1425
108
1198
1289
449
451
452
38
445
986
1422
807
388
742
673
861
898
971
697
164
536
690
1388
189
943
1136
813
767
526
1014
272
78
602
1239
1433
347
419
1404
1406
338
692
137
464
1392
498
192
942
253
1335
625
600
1241
931
349
1339
1088
1090
1329
411
982
1196
494
977
671
821
710
572
645
1174
376
757
37
303
607
1293
725
16
849
1070
214
997
115
1139
1053
469
191
360
1307
1274
601
843
1149
1185
1403
111
276
531
295
55
162
1376
1181
225
97
1138
1368
77
224
1362
1238
930
941
429
480
435
304
724
1330
1179
447
1363
368
640
975
208
947
744
254
1013
470
1066
370
593
728
853
1209
127
99
405
421
9
163
365
926
542
236
1233
1280
904
23
412
864
682
270
933
1141
779
648
551
1114
1214
1188
509
475
378
1027
1287
73
354
446
993
209
707
812
988
683
1361
261
555
375
1227
1043
56
1383
381
96
145
232
190
356
863
862
932
1175
660
1211
1343
154
1292
15
1155
1171
1364
914
686
1264
325
326
636
553
771
844
1045
151
556
507
339
168
1113
1421
50
1218
1
1212
308
420
1341
1087
1381
1382
379
998
402
212
745
808
706
867
1082
79
201
1049
595
385
995
639
822
996
905
1413
1201
1189
361
61
711
76
554
1132
545
1349
110
1250
29
386
906
951
43
834
107
121
516
1229
226
915
1052
387
244
324
474
709
903
49
1261
202
557
294
712
1081
1334
52
1439
1133
62
1407
1197
473
814
1305
1306
271
623
198
946
259
837
8
896
696
695
380
1091
206
27
310
1054
471
960
1118
929
792
1423
293
708
362
1318
1170
1328
776
672
1016
1355
463
1344
106
886
895
210
1167
1112
1412
737
1034
1069
1275
335
611
1342
691
1055
1245
848
133
544
481
1288
403
1096
866
552
369
1117
619
235
1097
1100
976
415
871
81
1319
1180
994
1036
1281
740
684
1356
114
517
450
462
1099
413
1033
508
596
355
1259
1440
519
17
482
1111
28
741
1304
1068
770
1228
306
599
1375
927
983
804
18
984
1267
852
305
620
1157
685
624
1215
483
1035
332
153
136
496
199
80
1303
1067
663
120
309
883
472
570
805
1317
245
571
928
346
543
518
170
944
279
987
1051
835
768
211
334
1044
503
1369
1260
1169
207
1137
1140
258
404
1156
1028
1029
1217
495
778
769
1393
777
617
169
885
1168
414
1424
1395
945
1050
152
504
961
1316
277
884
962
661
333
618
836
278
1216
1394
662
